verificar: 0.7714285714285715
bloquear: 0.6923076923076923
'clic ': 0.6923076923076923
código: 0.36000000000000004
felicidad: 0.6923076923076923
interés: 0.6923076923076923
cuenta: 0.7714285714285715
pedido: 0.36000000000000004
entregar: 0.6923076923076923
haz: 0.6923076923076923
contraseña: 0.6923076923076923
inmediato: 0.6923076923076923
sesión: 0.5294117647058824
cita: 0.36000000000000004
reclámalo: 0.6923076923076923
envío: 0.6923076923076923
día: 0.5294117647058824
iniciar: 0.6923076923076923
amazon: 0.36000000000000004
correo: 0.6923076923076923
llegar: 0.36000000000000004
salud: 0.36000000000000004
cambiar: 0.6923076923076923
facebook: 0.36000000000000004
suscripción: 0.36000000000000004
recordatorio: 0.36000000000000004
solicitar: 0.6923076923076923
gracias: 0.36000000000000004
iphone: 0.6923076923076923
bbva: 0.6923076923076923
actualizar: 0.6923076923076923
miércoles: 0.36000000000000004
gustar: 0.6923076923076923
netflix: 0.36000000000000004
mes: 0.36000000000000004
dato: 0.7714285714285715
enlace: 0.6923076923076923
compartar: 0.36000000000000004
tener: 0.36000000000000004
paquete: 0.6923076923076923
ganar: 0.7714285714285715
clínico: 0.36000000000000004
renovar: 0.36000000000000004
dólares: 0.6923076923076923
dinero: 0.6923076923076923
hola: 0.6923076923076923
burar: 0.6923076923076923
inicio: 0.36000000000000004
crédito: 0.6923076923076923
compra: 0.36000000000000004
