dólares: 0.6923076923076923
cuenta: 0.7714285714285715
entregar: 0.6923076923076923
actualizar: 0.6923076923076923
amazon: 0.36000000000000004
envío: 0.6923076923076923
netflix: 0.36000000000000004
gustar: 0.6923076923076923
reclámalo: 0.6923076923076923
dato: 0.7714285714285715
'clic ': 0.6923076923076923
cita: 0.36000000000000004
interés: 0.6923076923076923
compra: 0.36000000000000004
día: 0.5294117647058824
iphone: 0.6923076923076923
ganar: 0.7714285714285715
inicio: 0.36000000000000004
enlace: 0.6923076923076923
compartar: 0.36000000000000004
solicitar: 0.6923076923076923
renovar: 0.36000000000000004
facebook: 0.36000000000000004
bbva: 0.6923076923076923
verificar: 0.7714285714285715
burar: 0.6923076923076923
gracias: 0.36000000000000004
hola: 0.6923076923076923
cambiar: 0.6923076923076923
clínico: 0.36000000000000004
dinero: 0.6923076923076923
iniciar: 0.6923076923076923
paquete: 0.6923076923076923
tener: 0.36000000000000004
salud: 0.36000000000000004
sesión: 0.5294117647058824
llegar: 0.36000000000000004
miércoles: 0.36000000000000004
bloquear: 0.6923076923076923
código: 0.36000000000000004
felicidad: 0.6923076923076923
haz: 0.6923076923076923
recordatorio: 0.36000000000000004
suscripción: 0.36000000000000004
mes: 0.36000000000000004
crédito: 0.6923076923076923
pedido: 0.36000000000000004
inmediato: 0.6923076923076923
correo: 0.6923076923076923
contraseña: 0.6923076923076923
